setTransFuncTable 1 -7 0.125 983 0.125 0 0.16666666 327 0.16666666 0 0.1875 164 0.1875 0 0.25 574 0.25 0 0.33333 655 0.33333 0 0.375 328 0.375 0 0.5 1065 0.5 0 0.66666 1310 0.66666 0 0.75 738 0.75 0 1 2048 1
setTransFuncTable 1 -7 0.125 983 0.125 0 0.16666666 327 0.16666666 0 0.1875 164 0.1875 0 0.25 574 0.25 0 0.33333 655 0.33333 0 0.375 328 0.375 0 0.5 1065 0.5 0 0.66666 1310 0.66666 0 0.75 738 0.75 0 1 2048 1

setTransFuncTable 1 -7 0 1024 0 0 0.25 1024 0.25 0 0.33 1024 0.33 0 0.5 1024 0.5 0 0.66 1024 0.66 0 0.75 1024 0.75 0 1 1024 1 0 1 1024 1

0 1024 0 0 
0.25 1024 0.25 0 
0.33 1024 0.33 0 
0.5 1024 0.5 0 
0.66 1024 0.66 0 
0.75 1024 0.75 0 
1 1024 1 0 
1 1024 1

setTransFuncTable 1 -7 0 1024 0 0 0.25 1024 0.25 0 0.75 1024 0.75 0 0.5 1024 0.5 0 0.33333 1024 0.33333 0 0.66666 1024 0.66666 0 1 1024 1 0 1 1024 1

setTransFuncTable 1 -7 0 1024 0 0 0.2 1024 0.2 0 0.25 1024 0.25 0 0.33333 1024 0.33333 0 0.4 1024 0.4 0 0.5 1024 0.5 0 0.6 1024 0.6 0 1 1024 1

setTransFuncTable 1 -7 0 2048 0 0 0.25 2048 0.25 0 0.5 2048 0.5 0 0.75 2048 0.75 
(LFO step 0.25-0.75, 0.33-0.66)

fra 
2 0.5
3 0.33 0.66
4 0.25 0.75 

5 0.2 0.4 0.6 0.8
setTransFuncTable 1 -7 0.2 2048 0.2 0 0.4 2048 0.4 0 0.6 2048 0.6 0 0.8 2048 0.8

6 0.1666 0.3333 0.5 0.6666 0.8333
setTransFuncTable 1 -7 0.166666 2048 0.166666 0 0.333333 2048 0.333333 0 0.666666 2048 0.666666 0 0.833333 2048 0.833333 0 

7 0.42857142857142857142857142857143 0.57142857142857142857142857142857 0.71428571428571428571428571428571 0.85714285714285714285714285714286
setTransFuncTable 1 -7 0.42857142857142857142857142857143e 2048 0.42857142857142857142857142857143 0 0.57142857142857142857142857142857 2048 0.57142857142857142857142857142857 0 0.57142857142857142857142857142857 2048 0.57142857142857142857142857142857 0 0.85714285714285714285714285714286 2048 0.85714285714285714285714285714286

8 0.125 0.25 0.375 0.5 0.625 0.75 0.875
setTransFuncTable 1 -7 0.125 1024 0.125 0 0.25 1024 0.25 0 0.375 1024 0.375 0 0.5 1024 0.5 0 0.625 1024 0.625 0 0.75 1024 0.75 0 0.875 1024 0.875 0 1 1024 1

f.eks (utvalg av hvert heltalllsforhold, forsøk å holde forholdstallet så nært 0.5 som mulig)
(ikke under 0.3? men foretrekke lavere verdier?)
1 1.0
2 0.5 
3 0.66666666666666666666666666666667
4 0.75
5 0.4
6 0.83333333333333333333333333333333
7 0.57142857142857142857142857142857
8 0.625
9 0.55555555555555555555555555555556

(heltallsforhold 1,2,3,4,5,6,7,8)
setTransFuncTable 1 -7 1.0 1024 1.0 0 0.5 1024 0.5 0 0.66666666666666666666666666666667 1024 0.66666666666666666666666666666667 0 0.75 1024 0.75 0 0.4 1024 0.4 0 0.83333333333333333333333333333333 1024 0.83333333333333333333333333333333 0 0.57142857142857142857142857142857 1024 0.57142857142857142857142857142857 0 0.625 1024 0.625

(heltallsforhold (0.5),1,2,3,4,5,6,7,8,9)
setTransFuncTable 1 -7 2.0 819 2.0 0 1.0 819 1.0 0 0.5 819 0.5 0 0.66666666666666666666666666666667 819 0.66666666666666666666666666666667 0 0.75 819 0.75 0 0.4 820 0.4 0 0.83333333333333333333333333333333 819 0.83333333333333333333333333333333 0 0.57142857142857142857142857142857 819 0.57142857142857142857142857142857 0 0.625 819 0.625 0 0.55555555555555555555555555555556 892 0.55555555555555555555555555555556
