
Octave/Pitch curve (controls freqstart/end masks morf)
setTransFuncTable 2 7 0 1024 0 0 0.5946 1024 0.5946 0 0.12246 1024 0.12246 0 0 1892 1024 0.1892 0 0.2599 1024 0.2599 4096 1

(første forsøk er semitone faktor -1)
setTransFuncTable 2 7 0 2048 0.0594631 512 0.0594631 0 0.12246206026161 512 0.12246206026161 0 0.189207133997152141591 512 0.189207133997152141591 0.2599210767267381991016397921 512 0.2599210767267381991016397921 0 0.33483988970424790530864050922162 512 0.33483988970424790530864050922162 0 0.41421360754972056892679873068552 512 0.41421360754972056892679873068552 0 0.49830713271681035808894985628814 512 0.49830713271681035808894985628814 0 0.58740111958026332409302889048759 512 0.58740111958026332409302889048759 0 0.68179291109397648015990507670554 512 0.68179291109397648015990507670554 0 0.78179753114564871299730152827219 512 0.78179753114564871299730152827219 0 0.887748735919915536983131368778 512 0.887748735919915536983131368778 0 1.00 1024 1.00

(andre forsøk x = 2 - 2y)
setTransFuncTable 2 7 0.0 2048 0.112251385 512 0.112251385 0 0.218202583 512 0.218202583 0 0.318207196 512 0.318207196 0 0.412598982 512 0.412598982 0 0.501692963 512 0.501692963 0 0.585786483 512 0.585786483 0 0.665160196 512 0.665160196 0 0.740079004 512 0.740079004 0 0.810792942 512 0.810792942 0 0.877538011 512 0.877538011 0 0.940536968 512 0.940536968 0 1.0 1024 1.0

x = 2 - 2y
f.eks
x = 2 - 2*0.5	: x = 1

2-2*(1)						= 0					
2-2*(0,943874307656396905187165083899571)	= 0,112251384687206189625669832202
2-2*(0,890898708653842597431817194859898)	= ...
2-2*(0,840896401822623739733660563411692)	
2-2*(0,79370050908108431500225025620212)	
2-2*(0,749153518495438222437619824798164)	
2-2*(0,707106758598235485915101549830442)	
2-2*(0,66741990221106849867173434339567)	
2-2*(0,62996049811557240518497939512539)	
2-2*(0,5946035290097148312055223019333) 	
2-2*(0,561230994274094898827077886840325) 	
2-2*(0,529731516155772578419274712673169) 	
2-2*(0,5)					= 1



0.112251385
0.218202583
0.318207196
0.412598982
0.501692963
0.585786483
0.665160196
0.740079004
0.810792942
0.877538011
0.940536968
1.0



