*** se de to siste for de som er i bruk !!

* rytmisk underdeling (freeze rate)
setTransFuncTable 1 -7 
0.125 1024 0.125 0 
0.16666666 1024 0.16666666 0 
0.25 1024 0.25 0 
0.33333333 1024 0.33333333 0 
0.5 1024 0.5 0 
0.66666666 1024 0.66666666 0 
0.75 1024 0.75 0 
1 1024 1


setTransFuncTable 1 -7 
0.0 1024 0.0 0 
0.125 1024 0.125 0 
0.16666666 1024 0.16666666 0 
0.25 1024 0.25 0 
0.5 2048 0.5 0 
0.75 2000 0.75 0 
1 48 1


setTransFuncTable 1 -7 0.0 1024 0.0 0 0.125 1024 0.125 0 0.16666666 1024 0.16666666 0 0.25 1024 0.25 0 0.5 2048 0.5 0 0.75 2000 0.75 0 1 48 1

setTransFuncTable 1 -7 0.125 1024 0.125 0 0.16666666 1024 0.16666666 0 0.25 1024 0.25 0 0.33333333 1024 0.33333333 0 0.5 1024 0.5 0 0.66666666 1024 0.66666666 0 0.75 1024 0.75 0 1 1024 1


hadron:>>> setTransFuncTable 1 -7 0.0625 1024 0.0625 0 0.125 1024 0.125 0 0.16666666 1024 0.16666666 0 0.25 1024 0.25 0 0.5 2048 0.5 0 0.75 1900 0.75 0 1
 148 1
hadron:>>> setTransFuncTable 2 -7 0.0 1024 0.0625 0 0.125 1024 0.125 0 0.16666666 1024 0.16666666 0 0.25 1024 0.25 0 0.5 2048 0.5 0 0.75 1900 0.75 0 1
 148 1

0.125 	1024
0.16666	1365	341
0.1875	1536	171
0.25	2048	512
0.33333	2730	682
0.375	3072	342
0.5	4096	1024
0.66666	5461	1365
0.75	6144	683
1	8100	1956

0.125 	0.12	983
0.16666	0.16	1310	327
0.1875	0.18	1474	164
0.25	0.25	2048	574
0.33333	0.33	2703	655
0.375	0.37	3031	328
0.5	0.5	4096	1065
0.66666	0.66	5406	1310
0.75	0.75	6144	738
1	0.98	8028	1884	(164)


(tanken er at en ctrl verdi på 0.16 skal peke til 1/6, og en ctrl verdi på 0.18 skal peke til 3/16 (0.1875))
(og f.eks 1/4 oppstår nøyaktig i det ctl går fra 0.24 til 0.25)
setTransFuncTable 1 -7 
0.125 983 0.125 0 
0.16666666 327 0.16666666 0 
0.1875 164 0.1875 0
0.25 574 0.25 0 
0.33333 655 0.33333 0
0.375 328 0.375 0
0.5 1065 0.5 0 
0.66666 1310 0.66666
0.75 738 0.75 0 
1 164 1

setTransFuncTable 1 -7 0.125 1024 0.125 0 0.16666666 341 0.16666666 0 0.1875 171 0.1875 0 0.25 512 0.25 0 0.33333 682 0.33333 0 0.375 342 0.375 0 0.5 1024 0.5 0 0.66666 365 0.66666 0.75 683 0.75 0 1 92 1

setTransFuncTable 2 -7 0.0 1024 0.125 0 0.16666666 341 0.16666666 0 0.1875 171 0.1875 0 0.25 512 0.25 0 0.33333 682 0.33333 0 0.375 342 0.375 0 0.5 1024 0.5 0 0.66666 365 0.66666 0.75 683 0.75 0 1 92 1

; *** in use ***
setTransFuncTable 1 -7 0.125 983 0.125 0 0.16666666 327 0.16666666 0 0.1875 164 0.1875 0 0.25 574 0.25 0 0.33333 655 0.33333 0 0.375 328 0.375 0 0.5 1065 0.5 0 0.66666 1310 0.66666 0 0.75 738 0.75 0 1 2048 1

setTransFuncTable 2 -7 0.0 983 0.125 0 0.16666666 327 0.16666666 0 0.1875 164 0.1875 0 0.25 574 0.25 0 0.33333 655 0.33333 0 0.375 328 0.375 0 0.5 1065 0.5 0 0.66666 1310 0.66666 0 0.75 738 0.75 0 1 2048 1
