; Frequency masking table with 							

1	60						
3.729692038	8.244083721	7.339087512	4.942911204	5.409894555	4.404099995	3.184856702	3.019298877
1.835999816	1.755438678	14.37484948	4.180340431	10.98373828	8.996293432	15.35050506	14.47630479
2.760243722	2.879138698	3.244475909	2.578811509	4.825767221	13.79422275	4.269238687	4.491457528
5.693193098	13.22927673	4.042534976	1.531125068	2.251306855	7.065750832	3.70065384	8.924294893
4.71300452	3.856914532	5.212346041	4.981185289	11.29228424	2.985403767	6.864936976	1.436946119
3.66103152	14.93070488	4.118103279	3.92716851	6.422184834	1.320811596	8.403577414	3.778804006
1.26578205	1.458194749	5.103964211	9.686255326	9.153928675	10.72892049	3.149487053	15.985741
4.430271393	7.73059591	4.268239365	3.407494662	1.111394227	1.768007052	7.637296604	1.579716982
