; Frequency masking table with 							

1	60						
0.565717884	0.661091567	0.819681189	0.541343778	0.853742379	0.715402567	0.846522741	0.52098978
0.592264774	0.5540049	0.856504108	0.778119573	0.704076486	0.581316201	0.681146781	0.501890117
0.643106114	0.587131022	0.706556778	0.634424758	0.519854274	0.804294437	0.509311138	0.584895291
0.838375237	0.509359078	0.657575246	0.547009567	0.521460717	0.516588825	0.506573109	0.581822401
0.637326327	0.526766072	0.548226594	0.584199066	0.518725147	0.575803591	0.621755296	0.596375948
0.510587318	0.581599871	0.562995698	0.881068749	0.651670651	0.582280196	0.639678341	0.600686581
0.503153526	0.61845648	0.615574019	0.716405908	0.719415488	0.507537429	0.521498855	0.520837142
0.899999266	0.641056409	0.742186188	0.86812559	0.552100523	0.545633445	0.600859413	0.649206971
