; Frequency masking table with 							

1	60						
1.031911387	1.161786743	1.067856421	1.007739157	1.335720116	1.01296222	1.218826341	1.094118395
1.01045374	1.377209463	1.235733233	1.23424872	1.355328992	1.07368853	1.430124097	1.465435789
1.179761185	1.2599649	1.411464182	1.056285368	1.099636721	1.262227909	1.31391602	1.003535806
1.174493103	1.38704059	1.067038664	1.254191109	1.361888555	1.39039097	1.237054311	1.240617627
1.294447466	1.28599775	1.145409167	1.101414111	1.042424372	1.140382178	1.170702394	1.193030515
1.065333924	1.253084939	1.021881307	1.057464491	1.240667651	1.517851625	1.184225244	1.011357192
1.28322265	1.010652828	1.015102286	1.026418365	1.070536457	1.095861763	1.051199103	1.063576153
1.025182876	1.271066623	1.012374266	1.55458555	1.012722835	1.335302606	1.164507598	1.822336818
