; Frequency masking table with 							

1	60						
0.877936675	0.798897685	0.579833515	0.890995008	1.621230992	0.842596682	1.60775726	1.721807921
0.974875532	0.810784782	0.886751278	1.045935932	0.914388084	1.105072954	0.884542572	1.472234209
1.244771288	1.06190053	1.119869734	1.187989396	0.995312524	1.521785186	1.642604908	0.981175469
0.898519034	1.028928731	1.394123711	1.549399794	0.815052037	1.047775954	1.217783785	1.043568701
1.550266793	0.967988169	1.101718116	0.791866572	1.61674103	0.993539552	1.065868117	1.177234426
1.137270677	0.913851036	1.005012247	1.070569774	0.85495111	0.967384689	1.318560226	1.245837614
1.539153709	1.532600859	1.023773532	1.000626675	1.022417528	1.056454146	1.207613727	0.925621056
0.972539782	0.928780895	1.048917865	1.597447145	1.144873185	1.618420802	0.876682414	0.984914202
