; Frequency masking table with 							

1	60						
1.6382923	1.597481719	1.70886644	1.315903338	1.208265109	1.709686189	1.049597122	1.267776012
1.382465476	1.954631654	1.009883902	1.784348315	1.360972649	1.085370766	1.754460352	1.112087272
1.200315434	1.394420295	1.934270557	1.308427897	1.495832176	1.761395249	1.422493871	1.208448638
1.057097093	1.76665372	1.893318987	1.336496061	1.790363922	1.67094279	1.168457967	1.622554961
1.535053843	1.376496346	1.977342665	1.363463073	1.542555782	1.332520208	1.479643789	1.013908819
1.083204736	1.196337878	1.814334065	1.035776121	1.533769719	1.812776656	1.887517542	1.244899636
1.728810034	1.563172183	1.62053972	1.765358314	1.771265494	1.699339841	1.57384779	1.797783694
1.23865026	1.558531996	1.268611546	1.396615661	1.630844379	1.636942129	1.448217427	1.851908599
