; Frequency masking table with 							

0	59						
1.187202071	0.517243001	1.321738604	0.745658497	1.435993194	0.762000916	1.166093853	1.544461681
0.799377782	0.990083441	0.896313139	1.636338886	1.205850467	1.039601087	1.01858789	1.435184997
1.553956047	1.240360352	1.557426753	1.637855162	1.088405696	1.311963699	1.06938361	0.770350119
1.366929319	1.164943977	1.0687633	0.866083888	1.70276118	0.782596655	1.969475297	1.206177042
1.444938207	0.88622962	1.39032856	1.676805204	0.670688891	1.477538903	1.400482512	1.252214496
1.393141828	0.660432035	0.727601802	1.773628248	1.3630479	1.597152748	1.274985714	1.047603207
0.84994556	1.6592459	0.889870941	0.558773039	1.512205743	0.920735989	1.369541583	1.066050873
0.89757577	1.183173141	0.724903905	0.890089145	1.962756958	1.132129954	1.23820456	1.372412393
