; Frequency masking table with 							

1	60						
0.998249292	0.951825647	0.896367967	0.995474204	0.821379706	0.903636882	0.945369379	0.993818042
0.851553302	0.950779633	0.665442209	0.933386612	0.999670961	0.957197332	0.778101391	0.956779621
0.915087221	0.894394144	0.933825275	0.849100906	0.719701432	0.836316826	0.862980287	0.635515409
0.668389621	0.955051749	0.873792791	0.998883885	0.760071333	0.95661932	0.890325183	0.620755127
0.674218052	0.959383636	0.847339009	0.816117202	0.922055253	0.84974989	0.9129984	0.850716516
0.72775003	0.994630219	0.914192695	0.979971424	0.968158791	0.906550637	0.904430761	0.992138592
0.909501782	0.780817709	0.933453573	0.683723587	0.745257005	0.969569832	0.810761598	0.847243663
0.715264127	0.774520852	0.706608015	0.865929628	0.991922581	0.915720983	0.960560101	0.712844255
