; Frequency masking table with 							

1	60						
0.670175215	0.862090067	0.743825745	0.879944399	0.509865796	0.917352015	0.738894102	0.552255391
0.840049943	0.69484231	0.586160612	0.875021063	0.804307384	0.952279759	0.838811982	0.699184503
0.97636437	0.611671057	0.974857109	0.628662666	0.99906235	0.663668008	0.861317472	0.508345459
0.602245414	0.542707803	0.547896768	0.619799026	0.9402668	0.99880698	0.818594218	0.805145843
0.504822369	0.542389018	0.567845465	0.946629135	0.618699035	0.647251709	0.574595983	0.820764375
0.883282387	0.605045914	0.921812927	0.70099072	0.886710215	0.72330439	0.763693595	0.979552104
0.664633213	0.848959469	0.951645368	0.843110294	0.594327813	0.619400285	0.541311856	0.96524532
0.94493605	0.684782626	0.958225923	0.666294589	0.952151806	0.914321627	0.789338592	0.689789562
