; Default gain masking table. all 1's. loop length = 64 frames							
; also usable as freqstartmasks. freqendmasks and fmampmasks							
0	63						
1	0.871428571	0.742857143	0.614285714	0.485714286	0.357142857	0.228571429	0.1
1	0.871428571	0.742857143	0.614285714	0.485714286	0.357142857	0.228571429	0.1
1	0.871428571	0.742857143	0.614285714	0.485714286	0.357142857	0.228571429	0.1
1	0.871428571	0.742857143	0.614285714	0.485714286	0.357142857	0.228571429	0.1
1	0.871428571	0.742857143	0.614285714	0.485714286	0.357142857	0.228571429	0.1
1	0.871428571	0.742857143	0.614285714	0.485714286	0.357142857	0.228571429	0.1
1	0.871428571	0.742857143	0.614285714	0.485714286	0.357142857	0.228571429	0.1
1	0.871428571	0.742857143	0.614285714	0.485714286	0.357142857	0.228571429	0.1
